           YEAR,           JDAY,        PRECACC,          ETACC,         ROFACC,      OVRFLWACC,      LATFLWACC,    DRAINSOLACC,       DSTGWACC,           PREC,             ET,            ROF,         OVRFLW,         LATFLW,       DRAINSOL,        FZWSCAN,        LQWSCAN,            SNO,        LQWSSNO,        LQWSPND,       LQWSSOL1,       FZWSSOL1,       ALWSSOL1,       LQWSSOL2,       FZWSSOL2,       ALWSSOL2,       LQWSSOL3,       FZWSSOL3,       ALWSSOL3,        LQWSSOL,        FZWSSOL,        ALWSSOL,          STGGW,            DZS,           STGW,          DSTGW,
           1980,              1,  0.1078254    ,  0.4624431    ,   57.08932    ,  0.5396985E-03,   57.08358    ,  0.5206718E-02,  -52.32306    ,  0.1078254    ,  0.4624431    ,   57.08932    ,  0.5396985E-03,   57.08358    ,  0.5206718E-02,  0.2550849E-01,  0.1894466E-05,  0.9872476E-03,   0.000000    ,   0.000000    ,   17.88310    ,   4.326685    ,   22.20979    ,   61.07917    ,  0.8871836E-04,   61.07926    ,   457.6554    ,   0.000000    ,   457.6554    ,   536.6177    ,   4.326774    ,   540.9445    ,   4.106509    ,   0.000000    ,   545.0775    ,  -52.32306    ,
           1980,              2,  0.4974597    ,  0.6899773    ,   58.94530    ,  0.1590656E-01,   58.90250    ,  0.2689271E-01,  -58.02509    ,  0.3896342    ,  0.2275342    ,   1.855979    ,  0.1536686E-01,   1.818927    ,  0.2168600E-01,  0.1037424    ,  0.9380067E-05,  0.6804223E-01,   0.000000    ,   0.000000    ,   7.445730    ,   18.12765    ,   25.57338    ,   57.05280    ,  0.3221785    ,   57.37497    ,   443.0872    ,   0.000000    ,   443.0872    ,   507.5858    ,   18.44983    ,   526.0356    ,   9.129543    ,   0.000000    ,   535.3369    ,  -9.740601    ,
           1980,              3,   1.345154    ,  0.7342353    ,   58.98603    ,  0.1969084E-01,   58.90250    ,  0.6383428E-01,  -59.36243    ,  0.8476943    ,  0.4425792E-01,  0.4072585E-01,  0.3784281E-02,   0.000000    ,  0.3694157E-01,  0.4074283    ,  0.1018504E-04,  0.6700576    ,   0.000000    ,   0.000000    ,   4.434088    ,   24.29356    ,   28.72765    ,   52.45772    ,   2.295463    ,   54.75318    ,   437.7024    ,   0.000000    ,   437.7024    ,   494.5942    ,   26.58903    ,   521.1832    ,   13.49247    ,   0.000000    ,   535.7532    ,  0.4163818    ,
           1980,              4,   1.608917    ,  0.7545181    ,   59.03927    ,  0.2273962E-01,   58.90250    ,  0.1140235    ,  -59.96405    ,  0.2637636    ,  0.2028269E-01,  0.5323794E-01,  0.3048780E-02,   0.000000    ,  0.5018916E-01,  0.4437902    ,   0.000000    ,  0.8912845    ,   0.000000    ,   0.000000    ,   3.970405    ,   25.96464    ,   29.93505    ,   45.90342    ,   8.488842    ,   54.39227    ,   433.2336    ,   0.000000    ,   433.2336    ,   483.1075    ,   34.45348    ,   517.5610    ,   16.91104    ,   0.000000    ,   535.8071    ,  0.5383301E-01,
           1980,              5,   2.215259    ,  0.7843521    ,   59.11312    ,  0.3492315E-01,   58.90250    ,  0.1756774    ,  -60.25763    ,  0.6063415    ,  0.2983399E-01,  0.7383750E-01,  0.1218353E-01,   0.000000    ,  0.6165397E-01,  0.5841445    ,   0.000000    ,   1.180179    ,   0.000000    ,   0.000000    ,   3.962204    ,   26.73302    ,   30.69523    ,   39.67469    ,   15.05651    ,   54.73120    ,   429.1676    ,   0.000000    ,   429.1676    ,   472.8045    ,   41.78953    ,   514.5941    ,   19.69648    ,   0.000000    ,   536.0548    ,  0.2477417    ,
           1980,              6,   2.255220    ,  0.8009747    ,   59.18555    ,  0.3574126E-01,   58.90250    ,  0.2472832    ,  -60.43640    ,  0.3996064E-01,  0.1662273E-01,  0.7242389E-01,  0.8181111E-03,   0.000000    ,  0.7160578E-01,  0.6438651    ,   0.000000    ,   1.371176    ,   0.000000    ,   0.000000    ,   3.962199    ,   27.23395    ,   31.19615    ,   34.20877    ,   21.23519    ,   55.44397    ,   425.4497    ,   0.000000    ,   425.4497    ,   463.6206    ,   48.46914    ,   512.0898    ,   22.01793    ,   0.000000    ,   536.1229    ,  0.6805420E-01,
           1980,              7,   2.610731    ,  0.8312181    ,   59.26779    ,  0.3767399E-01,   58.90250    ,  0.3275865    ,  -60.56787    ,  0.3555112    ,  0.3024336E-01,  0.8223607E-01,  0.1932741E-02,   0.000000    ,  0.8030333E-01,  0.6360829    ,   0.000000    ,   1.507966    ,   0.000000    ,   0.000000    ,   3.962199    ,   27.46119    ,   31.42339    ,   27.63228    ,   28.85753    ,   56.48981    ,   422.0386    ,   0.000000    ,   422.0386    ,   453.6331    ,   56.31873    ,   509.9518    ,   23.98710    ,   0.000000    ,   536.0830    , -0.3985596E-01,
           1980,              8,   2.869662    ,  0.8533692    ,   59.35662    ,  0.3854918E-01,   58.90250    ,  0.4155494    ,  -60.64233    ,  0.2589306    ,  0.2215106E-01,  0.8883810E-01,  0.8751852E-03,   0.000000    ,  0.8796291E-01,  0.7133524    ,   0.000000    ,   1.776361    ,   0.000000    ,   0.000000    ,   3.962199    ,   27.55036    ,   31.51256    ,   22.44204    ,   35.17710    ,   57.61914    ,   418.9568    ,   0.000000    ,   418.9568    ,   445.3610    ,   62.72746    ,   508.0884    ,   25.68218    ,   0.000000    ,   536.2602    ,  0.1771851    ,
           1980,              9,   3.250151    ,  0.8734485    ,   59.45195    ,  0.3911354E-01,   58.90250    ,  0.5103179    ,  -60.68536    ,  0.3804883    ,  0.2007918E-01,  0.9533280E-01,  0.5643715E-03,   0.000000    ,  0.9476842E-01,  0.7519857    ,   0.000000    ,   2.022113    ,   0.000000    ,   0.000000    ,   3.962199    ,   27.57852    ,   31.54072    ,   16.09519    ,   42.60362    ,   58.69881    ,   416.2059    ,  0.1802022E-02,   416.2077    ,   436.2633    ,   70.18394    ,   506.4473    ,   27.16152    ,   0.000000    ,   536.3829    ,  0.1227417    ,
           1980,             10,   4.039432    ,  0.8978714    ,   59.55305    ,  0.3933065E-01,   58.90250    ,  0.6111975    ,  -60.66962    ,  0.7892806    ,  0.2442267E-01,  0.1010967    ,  0.2171072E-03,   0.000000    ,  0.1008796    ,  0.8987553    ,   0.000000    ,   2.516303    ,   0.000000    ,   0.000000    ,   3.962199    ,   27.58253    ,   31.54473    ,   11.71060    ,   47.92567    ,   59.63626    ,   413.7560    ,  0.4573213E-01,   413.8017    ,   429.4288    ,   75.55393    ,   504.9827    ,   28.47070    ,   0.000000    ,   536.8685    ,  0.4855957    ,
           1980,             11,   5.223454    ,  0.9224730    ,   59.65952    ,  0.3938790E-01,   58.90250    ,  0.7176140    ,  -60.62073    ,   1.184023    ,  0.2460176E-01,  0.1064737    ,  0.5724317E-04,   0.000000    ,  0.1064165    ,  0.9830241    ,   0.000000    ,   2.982457    ,   0.000000    ,   0.000000    ,   3.962199    ,   27.58290    ,   31.54510    ,   10.29667    ,   50.13930    ,   60.43597    ,   411.5267    ,  0.1396537    ,   411.6664    ,   425.7856    ,   77.86185    ,   503.6475    ,   29.64236    ,   0.000000    ,   537.2553    ,  0.3867798    ,
           1980,             12,   9.063175    ,   1.032931    ,   59.77098    ,  0.3938790E-01,   58.90250    ,  0.8290700    ,  -60.44073    ,   3.839722    ,  0.1104583    ,  0.1114561    ,  0.1099413E-07,   0.000000    ,  0.1114561    ,   1.302301    ,  0.1435045E-01,   4.447865    ,   0.000000    ,   0.000000    ,   3.962209    ,   27.58549    ,   31.54770    ,   9.979945    ,   51.16183    ,   61.14177    ,   409.4296    ,  0.3044535    ,   409.7340    ,   423.3717    ,   79.05177    ,   502.4235    ,   30.69766    ,   0.000000    ,   538.8856    ,   1.630249    ,
           1980,             13,   10.01602    ,   1.084160    ,   59.88703    ,  0.3938790E-01,   58.90250    ,  0.9451202    ,  -60.01324    ,  0.9528444    ,  0.5122885E-01,  0.1160502    ,   0.000000    ,   0.000000    ,  0.1160502    ,   1.939172    ,   0.000000    ,   7.501002    ,   0.000000    ,   0.000000    ,   3.962199    ,   27.58994    ,   31.55213    ,   9.927076    ,   51.87274    ,   61.79982    ,   407.2861    ,  0.6616962    ,   407.9478    ,   421.1754    ,   80.12438    ,   501.2997    ,   31.65103    ,   0.000000    ,   542.3909    ,   3.505371    ,
           1980,             14,   11.49088    ,   1.143677    ,   60.00728    ,  0.3938790E-01,   58.90250    ,   1.065355    ,  -59.62622    ,   1.474858    ,  0.5951659E-01,  0.1202346    ,   0.000000    ,   0.000000    ,  0.1202346    ,   1.887866    ,  0.4575476E-05,   8.033880    ,   0.000000    ,   0.000000    ,   3.962199    ,   27.58996    ,   31.55216    ,   9.907022    ,   52.54236    ,   62.44939    ,   405.0665    ,   1.189173    ,   406.2557    ,   418.9357    ,   81.32149    ,   500.2573    ,   32.51293    ,   0.000000    ,   542.6920    ,  0.3010254    ,
           1980,             15,   12.32508    ,   1.246139    ,   60.13134    ,  0.3938790E-01,   58.90250    ,   1.189397    ,  -59.19037    ,  0.8342057    ,  0.1024621    ,  0.1240422    ,   0.000000    ,   0.000000    ,  0.1240422    ,   2.163197    ,  0.3738525E-02,   9.428557    ,   0.000000    ,   0.000000    ,   3.962199    ,   27.59020    ,   31.55239    ,   9.905568    ,   53.16903    ,   63.07460    ,   402.6723    ,   1.998635    ,   404.6709    ,   416.5400    ,   82.75786    ,   499.2979    ,   33.29243    ,   0.000000    ,   544.1859    ,   1.493896    ,
           1980,             16,   12.72921    ,   1.349243    ,   60.25883    ,  0.3938791E-01,   58.90250    ,   1.316897    ,  -58.80939    ,  0.4041292    ,  0.1031038    ,  0.1274997    ,  0.1798114E-08,   0.000000    ,  0.1274997    ,   1.929096    ,  0.4621556E-02,   9.851223    ,   0.000000    ,   0.000000    ,   3.962199    ,   27.59062    ,   31.55281    ,   9.905499    ,   53.76776    ,   63.67325    ,   399.9972    ,   3.191025    ,   403.1881    ,   413.8649    ,   84.54940    ,   498.4142    ,   33.99655    ,   0.000000    ,   544.1957    ,  0.9826660E-02,
           1980,             17,   16.20278    ,   1.473063    ,   60.38945    ,  0.3938791E-01,   58.90250    ,   1.447524    ,  -58.35272    ,   3.473562    ,  0.1238195    ,  0.1306277    ,   0.000000    ,   0.000000    ,  0.1306277    ,   2.235819    ,   0.000000    ,   11.75198    ,   0.000000    ,   0.000000    ,   3.962199    ,   27.59062    ,   31.55282    ,   9.905499    ,   54.34836    ,   64.25385    ,   397.1071    ,   4.686108    ,   401.7932    ,   410.9748    ,   86.62509    ,   497.5999    ,   34.63065    ,   0.000000    ,   546.2184    ,   2.022766    ,
           1980,             18,   16.31153    ,   1.557627    ,   60.52290    ,  0.3938791E-01,   58.90250    ,   1.580975    ,  -57.88092    ,  0.1087556    ,  0.8456431E-01,  0.1334507    ,   0.000000    ,   0.000000    ,  0.1334507    ,   2.296612    ,   0.000000    ,   13.05630    ,   0.000000    ,   0.000000    ,   3.962199    ,   27.59060    ,   31.55281    ,   9.905499    ,   54.90320    ,   64.80870    ,   394.1973    ,   6.291420    ,   400.4887    ,   408.0650    ,   88.78522    ,   496.8503    ,   35.20076    ,   0.000000    ,   547.4041    ,   1.185669    ,
           1980,             19,   16.32028    ,   1.699977    ,   60.65890    ,  0.3938791E-01,   58.90250    ,   1.716974    ,  -57.47400    ,  0.8770735E-02,  0.1423493    ,  0.1359993    ,   0.000000    ,   0.000000    ,  0.1359993    ,   1.978037    ,  0.5182273E-03,   13.28452    ,   0.000000    ,   0.000000    ,   3.962199    ,   27.59058    ,   31.55279    ,   9.905499    ,   55.43139    ,   65.33688    ,   391.2870    ,   7.981931    ,   399.2689    ,   405.1547    ,   91.00391    ,   496.1586    ,   35.71386    ,   0.000000    ,   547.1354    , -0.2687378    ,
           1980,             20,   16.43973    ,   1.829332    ,   60.79720    ,  0.3938791E-01,   58.90250    ,   1.855263    ,  -57.12091    ,  0.1194508    ,  0.1293555    ,  0.1382890    ,   0.000000    ,   0.000000    ,  0.1382890    ,   1.675208    ,  0.6817622E-02,   13.50659    ,   0.000000    ,   0.000000    ,   3.962199    ,   27.59087    ,   31.55308    ,   9.905499    ,   55.93098    ,   65.83649    ,   388.1320    ,   9.999960    ,   398.1320    ,   401.9997    ,   93.52181    ,   495.5215    ,   36.17379    ,   0.000000    ,   546.8840    , -0.2514038    ,
           1980,             21,   16.44163    ,   1.935639    ,   60.93753    ,  0.3938792E-01,   58.90250    ,   1.995596    ,  -56.81335    ,  0.1894215E-02,  0.1063068    ,  0.1403325    ,  0.5843118E-08,   0.000000    ,  0.1403325    ,   1.420397    ,  0.3959443E-02,   13.70779    ,   0.000000    ,   0.000000    ,   3.962199    ,   27.59143    ,   31.55363    ,   9.905499    ,   56.40168    ,   66.30718    ,   384.9829    ,   12.09249    ,   397.0756    ,   398.8506    ,   96.08561    ,   494.9364    ,   36.58358    ,   0.000000    ,   546.6521    , -0.2318726    ,
           1980,             22,   16.47396    ,   2.037336    ,   61.07969    ,  0.3938792E-01,   58.90250    ,   2.137751    ,  -56.54626    ,  0.3233575E-01,  0.1016975    ,  0.1421555    ,   0.000000    ,   0.000000    ,  0.1421555    ,   1.164830    ,  0.1355003E-01,   13.85335    ,   0.000000    ,   0.000000    ,   3.962199    ,   27.59424    ,   31.55644    ,   9.905499    ,   56.84657    ,   66.75208    ,   381.8536    ,   14.24105    ,   396.0946    ,   395.7213    ,   98.68185    ,   494.4031    ,   36.94869    ,   0.000000    ,   546.3835    , -0.2686157    ,
           1980,             23,   17.43262    ,   2.158436    ,   61.22346    ,  0.3938792E-01,   58.90250    ,   2.281528    ,  -56.30304    ,  0.9586514    ,  0.1210995    ,  0.1437763    ,  0.4945431E-08,   0.000000    ,  0.1437763    ,  0.9416081    ,  0.3237454E-01,   14.18166    ,  0.1233916E-03,  0.2441534E-05,   3.962215    ,   27.62213    ,   31.58434    ,   9.905499    ,   57.26893    ,   67.17442    ,   378.7902    ,   16.40505    ,   395.1952    ,   392.6579    ,   101.2961    ,   493.9539    ,   37.27297    ,   0.000000    ,   546.3828    , -0.7324219E-03,
           1980,             24,   19.23232    ,   2.277934    ,   61.36865    ,  0.3938792E-01,   58.90250    ,   2.426728    ,  -56.01013    ,   1.799702    ,  0.1194993    ,  0.1452001    ,   0.000000    ,   0.000000    ,  0.1452001    ,   1.246719    ,  0.1117608E-03,   15.68031    ,  0.4033228E-05,  0.1156245E-04,   3.962199    ,   27.66171    ,   31.62391    ,   9.905499    ,   57.64768    ,   67.55318    ,   376.0378    ,   18.34739    ,   394.3853    ,   389.9055    ,   103.6568    ,   493.5624    ,   37.55708    ,   0.000000    ,   548.0464    ,   1.663696    ,
           1980,             25,   20.28946    ,   2.382453    ,   61.51509    ,  0.3938792E-01,   58.90250    ,   2.573179    ,  -55.70355    ,   1.057143    ,  0.1045194    ,  0.1464508    ,   0.000000    ,   0.000000    ,  0.1464508    ,   1.509858    ,   0.000000    ,   16.50408    ,   0.000000    ,   0.000000    ,   3.962199    ,   27.66180    ,   31.62400    ,   9.905499    ,   58.02063    ,   67.92611    ,   373.5010    ,   20.09118    ,   393.5922    ,   387.3687    ,   105.7736    ,   493.1423    ,   37.80614    ,   0.000000    ,   548.9623    ,  0.9158936    ,
           1980,             26,   20.68962    ,   2.467220    ,   61.66264    ,  0.3938792E-01,   58.90250    ,   2.720722    ,  -55.40723    ,  0.4001588    ,  0.8476605E-01,  0.1475436    ,   0.000000    ,   0.000000    ,  0.1475436    ,   1.543090    ,   0.000000    ,   16.99095    ,   0.000000    ,   0.000000    ,   3.962199    ,   27.66180    ,   31.62400    ,   9.905499    ,   58.37384    ,   68.27934    ,   371.0770    ,   21.77470    ,   392.8517    ,   384.9447    ,   107.8103    ,   492.7550    ,   38.02339    ,   0.000000    ,   549.3125    ,  0.3501587    ,
           1980,             27,   20.83191    ,   2.527957    ,   61.81114    ,  0.3938792E-01,   58.90250    ,   2.869214    ,  -55.13373    ,  0.1422941    ,  0.6073728E-01,  0.1484917    ,   0.000000    ,   0.000000    ,  0.1484917    ,   1.428698    ,   0.000000    ,   17.25975    ,   0.000000    ,   0.000000    ,   3.962199    ,   27.66180    ,   31.62398    ,   9.905499    ,   58.70504    ,   68.61054    ,   368.5559    ,   23.60782    ,   392.1637    ,   382.4236    ,   109.9747    ,   492.3982    ,   38.21172    ,   0.000000    ,   549.2984    , -0.1409912E-01,
           1980,             28,   21.01590    ,   2.581033    ,   61.96041    ,  0.3938792E-01,   58.90250    ,   3.018497    ,  -54.88098    ,  0.1839847    ,  0.5307628E-01,  0.1492825    ,   0.000000    ,   0.000000    ,  0.1492825    ,   1.320487    ,   0.000000    ,   17.51060    ,   0.000000    ,   0.000000    ,   3.962199    ,   27.66180    ,   31.62400    ,   9.905499    ,   59.00994    ,   68.91542    ,   365.8465    ,   25.68871    ,   391.5352    ,   379.7142    ,   112.3605    ,   492.0746    ,   38.36867    ,   0.000000    ,   549.2746    , -0.2380371E-01,
           1980,             29,   21.01845    ,   2.632826    ,   62.11034    ,  0.3938792E-01,   58.90250    ,   3.168420    ,  -54.65063    ,  0.2548138E-02,  0.5179191E-01,  0.1499228    ,   0.000000    ,   0.000000    ,  0.1499228    ,   1.176921    ,   0.000000    ,   17.67888    ,   0.000000    ,   0.000000    ,   3.962199    ,   27.66180    ,   31.62400    ,   9.905499    ,   59.28178    ,   69.18729    ,   363.0420    ,   27.93001    ,   390.9721    ,   376.9097    ,   114.8736    ,   491.7834    ,   38.49562    ,   0.000000    ,   549.1348    , -0.1397705    ,
